np2
39872 10  10000 10000 2000 5000 2 25 100
3.502257 seconds

39872 10  10000 10000 2000 5000 2 50 100
5.921627 seconds

398720 10  10000 10000 2000 5000 2 25 100
55.493428 seconds

398720 10  10000 10000 2000 5000 2 5 100
32.569889 seconds

398720 100 10000 10000 2000 5000 2 5 100 
125.781900 seconds

398720 10 10000 10000 5000 5000 2 25 100
Execution time: 40.417795 seconds

np 10
398720 10  10000 10000 2000 5000 2 50 100
232.706027 seconds

398720 100 10000 10000 2000 5000 2 5 100 
40.649228 seconds

398720 10 10000 10000 2000 5000 2 5 100
Execution time: 15.998688 seconds

398720 10  10000 10000 2000 5000 2 25 100
21.201036 seconds

39872 10  10000 10000 2000 5000 2 25 100
2.987827 seconds

39872 10  10000 10000 2000 5000 2 50 100
4.866452 seconds

398720 10 10000 10000 5000 5000 2 25 100
16.825681 seconds

np 20
398720 10  10000 10000 2000 5000 2 50 100
114.404981 seconds

398720 100 10000 10000 2000 5000 2 5 100 
18.007809 seconds

398720 10 10000 10000 2000 5000 2 5 100
Execution time: 6.203934 seconds

398720 10  10000 10000 2000 5000 2 25 100
10.780575 seconds

39872 10  10000 10000 2000 5000 2 25 100
1.219604 seconds

39872 10  10000 10000 2000 5000 2 50 100
1.780011 seconds

398720 10 10000 10000 5000 5000 2 25 100
8.368974 seconds



-----
np2
39872 10  100000 20000 2000 5000 2 5 100
3.378955 seconds

100000*20000 is roughly the maximum size that can be allocated for the grid that correspond to 500